  0.43343797  25.54393158  2.70348883  20.50049699  1.78489776  0.71726909
  0.80117985  5.35587539  0.50368527  1.26856549  1.14422351  1.380918
  0.15243103  0.65646307  0.53000725  0.4713997  0.59223624  0.16305219
  0.49708339  0.82124566  0.49215254  0.20048248  0.28451792  0.37727192
  2.64690883  0.71336142  0.43489761  0.39802806  0.34589394  0.20231672
  0.1232191  0.37014611  0.48023834  0.23124898  0.10910013  0.22162678
  0.17368851  0.20852078  0.15970145  0.39780541  0.16895036  0.57948009
  0.32314841  0.12372298  0.36152252  0.26621911  0.13141815  0.16325707
  0.13455606  0.23332995  0.17812296  0.09981959  0.03980902  0.05258939]
[ 0.42190736  1.62540733  26.32384186  1.47047383  20.84146024  0.89125068
  5.9102442  0.39628129  2.80977824  1.03352747  2.10249161  1.97169792
  0.78807872  0.24855375  0.71354899  0.4820833  0.68617709  0.45388259
  0.27538521  0.13900784  0.52154808  0.4616043  0.29393808  0.22237453
  0.49032025  0.84489521  0.3979485   0.37531643  0.75008988  0.14846473
  0.21953771  0.3489582  2.40011867  0.82862728  0.1739783   0.23522771
  0.43980873  0.20690217  0.09849473  0.23024734  0.20005078  0.21601739
  0.33932117  0.18114704  0.15786856  0.16272495  0.14899034  0.31323452
  0.15479986  0.12124633  0.23242929  0.16176823  0.09657776  0.08611934
